2559456541522853516593164235854135399123278652515882592539546791
2416876922692952794844735691115532339514866262111393898198655598
5415951338690339845619859625673667535592125557896784339494465382
5546244711281322698354277622995679246883841451388295745845112856
7862561737983799789973745967623225232259791518762266169819298395
5872393734836582486864758993279643324425452326411924321621555991
7666452457119684246615424169291696187247661997822125551265293689
2857914754391949173272113625161859647684358337438444141749962671
6468823629444492371688391358439915738227638634662162264352654857
2856329751645178737738719342872326979177316626264777563495787875
8995529974268749221178954659567654394378764337918452127236352283
2951823998929554393797467881349217838535633493713645131757463668
1895139854374934796928467781538962211456126733296969313342167184
3957898535487617684613263272262144222973952978626999566729749964
1498159726832127263699963955135497631628623499636529628745884212
7795994274911785249152141793411377197959572595471983971969662968
2999725979352293229532146551695711452363851328123183213561852138
8464769492668488437236764963828768233329483287674196435328448882
3285697876385438993936784735645654621142149974793797585212382865
4737868513541573916536532724791597584788181694217216293943127146
1899798735542235412288799555998657587474237611322346523395875944
2392567843641765518856496511822641933858374585649762927177469324
9393349237691997311156874869672552713742763179375297714845177292
8294127852767734793793764143193488828178869475524926664455147315
3841382887395194462291145113785377513776374448377286498849656459
9129684954543369372244729938387242781197898481327263499968672363
3676994788755575569358873828246325996973674826933988121965735515
2595199882592945888951363584693823754712839833474791534757864975
7883139911481819353676669485366739285939585567491718146298876189
9864553561291636228897625178757654945193917975377648991429866694
5937957831679511715318375963446764187937142524179588529369417713
1685178777312581998657257344322313287775513356216766132871927334
6176312216682171992397582145944191159635913924153526365455423285
9873128297194864438242491219924536322236779361356126116661212422
8125758967686414453938237671892229622259422257889783331653734636
5657135141247813341173246628975853286715322491135885978918395318
2535215467295121453665723388332689194446525612988575873216836428
2423719647514699922272472518672641421763525326628223749922252454
7517732846419573876833592983613358181792133853522678586745966114
4367149429652922753319415119277344714926511447161496497219562696
3499595678239875759745798496644596752497354158391212491346385186
5998813141559667957859245556165466655493821742211673218788937687
5742852469468513949353682378337547713454333732932899714262261332
1193843548755219495871334752128265343596386633926941118641223839
4277913915318694774267584279375494383226373191163653464889861266
8541286616932119345863669379413967263355251323814623622453953916
9741356979821456243227776416181756725811943914852167283191369468
6464451939987365493381469792134962363656557388814348451157546283
1584659698877984754956456338228444771882248877314377158379158429
2364528574472639313458843758261764254767864669665952825213525247
6154762688834286652926474162391669727546371982346937888791917992
6944655485225987831459455657378313341596415763259973745336334426
6639959278884429122238477692277765463278977663979633474123777712
2371667599489391641458226844833485921681348761778192486828929348
2994561432332738128891231874493643163292789736764221525334818271
6134388719323685553649469227619654539174744512777831188515621644
5488885839562169868261793124183692233382832352328515133492212834
6569111832553421338143616814459295775941876487333793519959599153
4284167898836764977724597187246769844829494677486955462346654126
1434219387762514793899613244846316364541713333618986973859929567
6918551261958249547991713555168513793356561518498672756211815892
9268693341935431378937878732658436812181453276414303126683123738
8627911818812522388853118537255647692264543519126463515956823874
6553317975687253581382835335851514921585254376137699959948731313