6168491771242941853476675319675449571849883542754755973753821214
8880623928816694324176649371478827555617466959891742238789822667
4146871417893295831951133357298356182171773849111221576778287293
1842373492116813652777795483435769935726876877921227388289454527
4762341531195558952192838625356825216366334843328288153738911386
3848281258152792232573683761326849771278153286392731556349138658
3295451799921943398287977699761795474839961524443874769751951764
6518214622252882874827667849927388531756579828152328223455343297
5896146141246991522154557759847211766156269816421298648911199547
4991659779314748513315955335435747145642698569839936444658898653
1496367222138881891129447679629299195244118549269542666437812255
5656638831859611793659996571497576714732344471855346146421741931
8678911965874958381647347513797668475687744824274981547347718411
1716798465763735517337647617979521654865589433571143151017838896
7879729115654965958513729313199762881142334574157886297243877777
1969412797661453612486232859269884197597642246479893675797742513