88314647441186681615711844516375
26639823158863918576899838858692
59770443179745965244329126392549
64972831259168774548828726181213
65321743721513685164463319677875
84851484621398597643615666943867
19828375641563689615299233154257
78748521198752587523481268336144
24885464916546582586818146322318
88797377929999634525174925758785
63389684478123284152782926467692
26387652174742391749296171917242
22265198675133578451686982447393
58789441219671839524297891655472
11787226344967413918525386583485
81498965127126784159681358496437
91418497471281415914289474568717
99981799127114989917924617723221
68311513785436375294695172513598
67379163162323998618816615535121
14568549218479279781481121597256
51837536383274393977327282116874
26238789985345169936765429215895
24665835491662913442519261264888
54787334571522336488281768292781
21461953753798164713654544535128
31987123519855826836643183888372
22579217496799221697157613688797
84314543972272435796193248469744
29919361767787558133812379669582
95172991392685364121016466716265
94818711835325871988799227952634