34280273413133428559664914648175526537313398962416441975999244213768412121691729873693358847889566967275726449861882415618129195
16293996388133453375172123528326361266586993818645814331594193154213546714561395816863162328946516472423373984124283455992362233
52235143778551849342621226859697587423159515337396263897419788829717371582451466446486742589711447886979396245253693144612478399
98925177978368433991723875718565924564157713271243351865944493613626484734163871657696628499784236612742623423651348529825799879
13998596577433146322669618311439219393599372737288681284346181668364192794952379466811936719125145882961788589632276422571525877
51745958991372991831237617931954835728585433288371653567839695718523252965141456111491129233837617883449169949934822123837255893
71761994349161312484467444214959443852166158341517186425919266897784987932225811914857145275439365461426792158869641845977351864
21545736611274546146625866239193986371868717235567652326247574991718376181377649846669458981977567637719538527139975356194342545
56484672896662728548699634899375511343498898516486129893773619917929582298165622282184292599257683849649519291242979441391961477
27182499129816392872747713965823965552518683132938958415291318849466982357477527677872563293419234625146973979837615925565317547
97867331963376271677532666138733198359856223963943222891735934722652889121215143129157744316979179552239371419821148515649354473
94287844544717336782456838421257844118121859919782678133977119422132351275485865691478699124958623134289373137324648663795541982
56521533661287695758113372362998246174254876369229623942694774723197169832491685316394747337567168856924231156325973538469479396
14213353786915919652962793179226866812327257856296929776116128923627857348825219495784128259159251642857899476667669958223937555
62889352551555244657895722792915287633371814623259256978976965799458175689969674135627576148594953194253231817922631657417549448
43656419797268114171314516768639841472184558146344138587366174845515581321977211439342789797556135353420436482268463184137851392