8735147618535236526513251964626627671112145754368419813439493248253138498733299594877514512994455558
7561298351525523218572716956173684657678888586351919742793676746388959949514413668832813916966245636
3886193625176827892975448954753161389955649819658871675687531173698914111736172171754842392876356485
1285152982319756397623159221329977355361693719272548545369479228717163122239712933971863652552561714
5873224979299171968394126943886539643134115565777444246293193455975623673879582522361255913383868159
7934533721524979977589376517439643476987795369487448169398712613547226235538322178956653616823566434
9665775212888164437596695489235189814831431589851652463661257558625677431526181784911933254517918868
8357565955465163492621818883171747367954154253887959667689517582441945174185313654125359117567692725
3286247923978275255962944357894785512266328154452933375864214126961411783952189988229811278174197546
3769696379964258647319295294287332739513787212518764733838987669456268645756116773548633966357869415
3774783744592732346916864558979473272498361183216561297346753639949393633772494891263368941679192633
9711696979798741296427564286616128896615692244975236319797474471718946564955674286115395282734718493
9835645963794284182193663215521259991176596941962186122257464356173759523239888433228965766422734559
5492794972642679258935877546513349245545291958265321587143991947429212844716498225998533481216826633
7674935379939086181669542758851396416689836447977599487555842812242456655773322349468834834972124986
5754764762736772931124797364685697249881834566623943497322445513472498253516862935633841746479747761
2291312512181681163962498588217454442917593873446847141791225582532965513366578266177686693144321445
2546633433952345463158492723932729278387175499562765624527612142946527989631853847481512841285352746
7118612755288292227129677652778559599368883877289983491197345197186927753479244427541294727143266993
4689179936233916187289154628671277553847182189368793966349927647142199792164788385753285568625594951
3481551312174286229827195598158487442778626664727322926597658754553859925982717223832772187551253843
9166633983874425732637182324658253331893824965942292131871889739782272144827785917486948351955745614
7696784249333114238242813784944872836153928829248268439232216758569119923537769256244288374766733762
7634317731333625329994738691613682645747998389947351794131425964686126284482739394743774963945282218
3121287314384212742216152567178344482296564675641375172595828789569297875674248863889641271912624771
8259127856149778486148394578648516754133493188889294686666547613925941567818199852461691956966193277
6487539627369454879673827595799153723275368817782194931799796168266788845445619464153879412325844127
5321435236235238364225428666556752256384511567834796418912836464851761324431635473745772855665394421
7643235944843791136742162984781696562335173924956919298237836651652567122317981334428923784148113693
6276112872997524797271431373342449995475297411359521492818733293469774349826233716618369142678945272
8981687295363834366133796452983969132453544618878937526971783992747498277197471695165456462759866733
8629414314211528786587537398863167253857231941144716612623388932658845313892322128912174979688376932
4339648579949581623424661123142228154467583258771583821529752878698864158171374545154488763968583919
2495257836685388911886561753273328986584751188724969989634859983373687616759756283519928578172954457
2461358725192597544138878654727463894659681744267226245483598415536799988765353935926771242285848442
3838539454571953433441811381999568999935656131184394813135388231285367761889427467217232852774264235
5824488363895333559473925161161668561759838362472526578255759894179318314916134432484869876937725982
1317124396394688678633969316389426848368343763861167339612958879485581658835362482922146185522947186
6518881537932457537298443727359526198373641628636713899428394394423478123757681282382155445221841733
7393512389595492511319154185651784441797116625944547419146675971758211373958898475645531945864281238
6631291329185411458371656222224179663351321327236717319369259531748316798855432635912842547996814819
2774161471848567289173996349685318343399288513749927386757643327181336516717179689361219567822478585
5764651284481368975131788478372243136785294941574115766562956147538311573469778857543858595664882394
2933522469537254151687328998511174921431819787592254629361813678232866229413824917159132962159252291
4849172452555713956339619173274558165662622759787228978653525567172894518131162499789655475935193164
7317798444111157622917824291192548749565783723331538845455524273134225856576455495388215948462519782
7638191754258828376771956367356514648925132415351677349139915224845198239787528221875512132283885261
3149259258368532128495187992684767639557256894545923242475999332962662975895762249624277427496562487
9419511669948114325571864232329182254133749176744293645159752256393453862244933762172114311352551245
2234597669146678735445881448557479997371564917288628814914185148565169358963194249559563152314521657
4892865326376774856622181554877651262553177212575374252849946992137132549821531586678871441693862415
6737113314514877664257821529557382836353133929128813619757734926172398899775718921481354574466733324
2987513953949898798748623753531813885443743558481124777479194944678197337576172112167617136461747623
1375592892559857874662682432646629461527925773142151475688942771299483774499976896918557553184122546
3256153858135872527647628561744179566225168275448839578655868574947743394649511384455147342561832245
3398289522154215134859678935423219278834164856969484469947168264188995355597896192453846224161524878
5744899156766633216538251628651458243296631875352213782471357838356812899718756144422699816555949575
7963589744765934837762175439985122587992817744427288331857722755966418712396683374462232829695654737
7512172572473965363216626191692223169474517192395941444153864752167275429785417913122736493467961192
6551553511242848386877821526651671827456868757388167347211496168368832543488168113965195292883154642
4535236398851776159717573594117575648293663542819586726865161783253418261694952643589439461286483271
9959219372362715774986877152813683776938421712942632522288317592886983542431181492476665719181381272
9194666994219238222849383612979237262685345678467855719481611768176496969671118312537869494614374731
6469497347312363922371924944492942913618362516931855962539442734171742734615951354432256885149171156
2113617141691549573795922868794274139324928941113929188668693785988196748236764733826347821431259565
3631624927729849616883236947893359568687511771137177368635445286915181746691193184747536868666715953
5724554146134133815811244545454874665132946896512368278768481942993947383217938611257157679275983686
9314339817387334296538271471874874811323826365863367686299149784435792317989933542527591851335677783
3191539679967475746564755869856947525891722831589316144844532327539769276821728393146223649793111199
6498532858748837224389735759822658212229396625994884724656633713356182752655721465526311854311964856
6883678439155512285381523193781358221823845838392262472581214689196343781379745139882958266229295849
9819456371848241873445768668947788525759753759145231465992517982834439754422754592992945526569189956
3849399695684167691938498961483415556332297593732365593464761569268865288567852242329777994298855852
7275378167215749587156399171621587852797354143272599812166529865282791864132879343662824629619642548
2552169346976611252892168176898913313961834866326565482494886964618837435874567443168664311535341687
4174729165937176873263278355826244411912922561818656872864212425863161717491693732766293741318574411
8995866917524545952846334266443828341286346278937177991448472361278521734456176859429273447267832611
8654949643644165556725291127687646296835315266197542647839535772975779581598923839126329746418253448
1996925911879253363918571758896782644149172185496949459446957118912668682397661828786357942645575414
1674562139679978779439951641753274152381272833719468537924194657813524675843367114952773666773879162
9345521225866443277985635114482681766838785737926839257898356625827197254752669423676187716218722954
8215848371156486896376418136689851262513547372217158693419833497962991451416975328879785322769681492
8353684554898541624323876416719124218286953769185797623164451431856158326586641449618611377534636447
5156723286146547765626883361595371778815873188446861357949394241111358242778676568254986475148462965
5983147666863322559254917353249997339353692778343884258875593884217385158639422811655686676798753134
2549624335391224217188392151955346372678716951574125886914257236326428497521642486336477112972516611
4967964928179925246878785153179718466763933136682282684328522635997561389153919615685146495798655894
9469373285881899398824393296797196168381928226624436191256395668621677371971135377212549594885255877
7824594163247574711621562967335948426511666337329756742722412496127936363323283296191874961689428545
6366754894731224955138524244333372371997779936211753179754738363435772593219975967385329753621342793
4539982183861374248184278795423414726432371774415842913535688447718932767688647528128456689998261893
2458964277561155817325143989845374412919613852659289187857999411939457983671982289163976368321385349
5932857257231355955911826245818885987634268356525323158852563859471768268678812361977555872371665254
5712632219867176637713112524147428832789339851111553835934892736394854792946391382558581564496364826
5987121844617977955475739786347891263674732721347939159373957344648261732742516461424242465837121746
2994891128344513316297741848588597541995383375843873132334819254765395352783188781861582432434473564
3568266695265155546628969351854277713587293529389999644842411774716558342313385733287481819462342051
9799974798212632879265899746856276126498212672223461928748981719331324217289417875112678284693846274
7422269754347889718476332644123131829165556375664975148527956844656639115486277479774777962127494189
8412165276481987193832975121541158358634841494242795366165777615697114127539319981862293977449344752